# Training Samples: 1296
# Validation Samples: 324
Epoch	Train Loss	Val Loss	Train PSNR	Val PSNR	Train SSIM	Val SSIM
# First Epoch Time (seconds): 16.36
1	0.24129801	0.23549979	6.170	6.252	0.016	0.021
2	0.22875818	0.21504494	6.407	6.626	0.036	0.062
3	0.20269132	0.18332707	6.922	7.264	0.106	0.163
4	0.17476731	0.16156648	7.573	7.792	0.212	0.259
5	0.15976550	0.14992481	7.971	8.096	0.287	0.312
6	0.14954057	0.14105428	8.237	8.343	0.335	0.354
7	0.14283933	0.13468262	8.463	8.549	0.375	0.391
8	0.13589983	0.12934810	8.661	8.718	0.408	0.421
9	0.13096716	0.12638786	8.837	8.798	0.440	0.451
10	0.12674406	0.11991177	8.962	9.021	0.463	0.472
11	0.12229126	0.11636909	9.108	9.140	0.484	0.494
12	0.11934108	0.11330887	9.227	9.257	0.502	0.509
13	0.11598091	0.11097272	9.333	9.343	0.518	0.526
14	0.11432318	0.10838780	9.436	9.442	0.534	0.537
15	0.11210057	0.10615518	9.515	9.533	0.545	0.553
16	0.11047614	0.10395387	9.606	9.617	0.558	0.564
17	0.10735619	0.10330982	9.679	9.646	0.568	0.566
18	0.10570118	0.10041957	9.756	9.760	0.578	0.581
19	0.10397698	0.09897647	9.817	9.826	0.586	0.591
20	0.10292472	0.09783305	9.884	9.884	0.595	0.597
21	0.10185231	0.09674016	9.937	9.916	0.601	0.606
22	0.10027094	0.09527129	9.996	9.981	0.610	0.609
23	0.09858081	0.09398236	10.054	10.048	0.616	0.618
24	0.09828380	0.09298835	10.079	10.091	0.620	0.623
25	0.09708429	0.09225411	10.123	10.125	0.626	0.626
26	0.09683831	0.09125711	10.181	10.177	0.632	0.634
27	0.09533846	0.09028472	10.225	10.213	0.637	0.638
28	0.09446311	0.08994789	10.260	10.244	0.640	0.643
29	0.09571332	0.08985008	10.293	10.244	0.643	0.645
30	0.09251900	0.08790175	10.313	10.323	0.647	0.649
31	0.09167578	0.08793278	10.359	10.326	0.651	0.649
32	0.09174374	0.08705896	10.380	10.363	0.654	0.655
33	0.09152125	0.08640816	10.411	10.402	0.657	0.658
34	0.09101429	0.08567603	10.431	10.427	0.660	0.661
35	0.09093765	0.08552045	10.435	10.445	0.661	0.664
36	0.08924495	0.08483040	10.480	10.477	0.665	0.667
37	0.09016417	0.08483355	10.518	10.473	0.668	0.669
38	0.08923338	0.08417710	10.524	10.517	0.670	0.671
39	0.08834923	0.08362740	10.553	10.530	0.672	0.671
40	0.08791354	0.08337930	10.577	10.544	0.675	0.673
41	0.08733973	0.08315341	10.569	10.568	0.675	0.677
42	0.08754185	0.08273774	10.599	10.587	0.678	0.679
43	0.08644974	0.08258388	10.624	10.600	0.680	0.681
44	0.08666379	0.08188230	10.634	10.625	0.681	0.682
45	0.08711443	0.08176013	10.663	10.638	0.684	0.684
46	0.08534738	0.08140848	10.668	10.657	0.684	0.685
47	0.08558795	0.08112375	10.677	10.670	0.686	0.687
48	0.08490950	0.08191392	10.701	10.631	0.687	0.682
49	0.08447891	0.08112687	10.700	10.672	0.688	0.689
50	0.08480706	0.08015549	10.734	10.717	0.691	0.691
51	0.08416845	0.08034321	10.742	10.708	0.692	0.689
52	0.08438194	0.08004286	10.757	10.735	0.693	0.691
53	0.08491084	0.07965382	10.761	10.746	0.693	0.694
54	0.08437422	0.07991687	10.782	10.742	0.695	0.695
55	0.08396793	0.07952134	10.783	10.749	0.695	0.696
56	0.08313491	0.07891763	10.799	10.785	0.697	0.696
57	0.08347890	0.07908143	10.808	10.790	0.698	0.699
58	0.08232750	0.07916798	10.830	10.774	0.699	0.699
59	0.08216944	0.07849443	10.831	10.810	0.700	0.699
60	0.08385823	0.07834004	10.818	10.821	0.699	0.702
61	0.08215534	0.07799732	10.851	10.834	0.702	0.701
62	0.08200189	0.07793853	10.870	10.842	0.703	0.703
63	0.08239304	0.07786842	10.868	10.854	0.704	0.704
64	0.08207914	0.07869507	10.880	10.800	0.704	0.698
65	0.08170397	0.07847098	10.879	10.822	0.704	0.704
66	0.08120835	0.07743390	10.886	10.865	0.705	0.706
67	0.08158932	0.07797931	10.889	10.846	0.706	0.706
68	0.08187219	0.07714380	10.905	10.887	0.707	0.706
69	0.08136875	0.07686485	10.931	10.904	0.708	0.708
70	0.08200403	0.07672017	10.928	10.907	0.708	0.709
71	0.08169222	0.07663314	10.949	10.909	0.710	0.710
72	0.08089848	0.07660283	10.929	10.916	0.709	0.710
73	0.08107253	0.07639640	10.955	10.937	0.710	0.711
74	0.08010282	0.07661427	10.958	10.923	0.711	0.711
75	0.08067857	0.07625864	10.963	10.943	0.712	0.712
76	0.08030390	0.07595250	10.970	10.953	0.712	0.713
77	0.08103571	0.07606631	10.964	10.955	0.712	0.714
78	0.08019634	0.07572727	10.990	10.962	0.714	0.714
79	0.07966013	0.07559792	10.989	10.972	0.714	0.713
80	0.07873861	0.07574033	10.998	10.977	0.714	0.714
81	0.07976569	0.07562443	11.000	10.977	0.715	0.715
82	0.07968114	0.07535866	11.007	10.985	0.715	0.715
83	0.07942061	0.07538282	11.018	10.988	0.716	0.717
84	0.07893013	0.07498996	11.024	10.999	0.717	0.716
85	0.07975700	0.07495125	11.012	11.009	0.716	0.717
86	0.07900561	0.07487244	11.032	11.018	0.717	0.718
87	0.07937404	0.07495637	11.047	11.016	0.718	0.718
88	0.07885544	0.07477173	11.050	11.022	0.719	0.718
89	0.07932201	0.07518447	11.039	10.996	0.718	0.718
90	0.07973093	0.07481293	11.045	11.018	0.719	0.719
91	0.07873760	0.07466959	11.055	11.034	0.719	0.719
92	0.07853984	0.07472911	11.066	11.033	0.720	0.720
93	0.07897666	0.07522970	11.053	11.000	0.720	0.720
94	0.07838412	0.07472359	11.070	11.035	0.721	0.721
95	0.07820843	0.07445775	11.067	11.045	0.721	0.722
96	0.07766307	0.07467593	11.076	11.021	0.721	0.718
97	0.07831848	0.07443564	11.085	11.047	0.722	0.722
98	0.07757895	0.07390559	11.090	11.070	0.723	0.723
99	0.07718726	0.07399606	11.100	11.065	0.723	0.723
100	0.07822061	0.07386735	11.090	11.078	0.723	0.723
101	0.07728002	0.07388687	11.108	11.081	0.724	0.723
102	0.07781366	0.07353862	11.104	11.083	0.724	0.723
103	0.07810138	0.07385920	11.093	11.083	0.723	0.724
104	0.07718559	0.07359445	11.113	11.088	0.724	0.723
105	0.07745952	0.07350141	11.113	11.098	0.725	0.725
106	0.07736785	0.07457691	11.129	11.044	0.725	0.719
107	0.07783155	0.07373848	11.117	11.088	0.724	0.725
108	0.07765225	0.07325145	11.112	11.112	0.725	0.726
109	0.07743034	0.07321016	11.135	11.113	0.726	0.726
110	0.07632244	0.07321790	11.142	11.115	0.726	0.725
111	0.07703567	0.07364306	11.125	11.096	0.726	0.724
112	0.07700679	0.07345551	11.136	11.104	0.726	0.725
113	0.07697001	0.07315181	11.144	11.127	0.727	0.727
114	0.07695095	0.07323178	11.150	11.121	0.727	0.727
115	0.07688573	0.07294878	11.150	11.133	0.728	0.728
116	0.07677895	0.07331758	11.153	11.108	0.728	0.727
117	0.07798728	0.07294020	11.159	11.140	0.728	0.727
118	0.07679455	0.07294905	11.162	11.125	0.728	0.728
119	0.07643271	0.07336186	11.158	11.113	0.727	0.725
120	0.07681713	0.07294536	11.165	11.131	0.728	0.727
121	0.07711314	0.07267752	11.176	11.147	0.729	0.729
122	0.07671874	0.07297602	11.179	11.127	0.729	0.726
123	0.07709057	0.07293384	11.151	11.140	0.728	0.729
124	0.07609904	0.07332561	11.181	11.127	0.730	0.727
125	0.07636230	0.07267455	11.175	11.148	0.729	0.729
126	0.07640805	0.07257580	11.186	11.159	0.730	0.729
127	0.07688985	0.07251068	11.191	11.161	0.730	0.730
128	0.07634266	0.07236800	11.191	11.173	0.730	0.731
129	0.07548767	0.07247418	11.198	11.160	0.731	0.729
130	0.07578053	0.07204017	11.196	11.173	0.731	0.731
131	0.07639793	0.07227502	11.201	11.176	0.731	0.730
132	0.07532637	0.07218146	11.194	11.180	0.731	0.731
133	0.07644691	0.07213775	11.185	11.181	0.731	0.731
134	0.07600552	0.07197509	11.206	11.195	0.732	0.731
135	0.07631233	0.07221328	11.211	11.163	0.732	0.731
136	0.07557661	0.07200876	11.209	11.184	0.732	0.731
137	0.07568836	0.07203609	11.214	11.195	0.732	0.732
138	0.07585988	0.07188403	11.214	11.193	0.732	0.732
139	0.07576778	0.07183393	11.223	11.185	0.733	0.732
140	0.07565177	0.07218755	11.230	11.173	0.733	0.729
141	0.07620618	0.07226679	11.192	11.180	0.731	0.732
142	0.07621366	0.07183178	11.224	11.199	0.733	0.733
143	0.07628896	0.07268333	11.226	11.154	0.733	0.729
144	0.07619641	0.07182314	11.219	11.202	0.732	0.733
145	0.07490936	0.07151512	11.238	11.211	0.734	0.733
146	0.07580079	0.07163963	11.231	11.211	0.734	0.734
147	0.07472836	0.07150425	11.238	11.214	0.734	0.733
148	0.07578930	0.07204133	11.222	11.185	0.733	0.734
149	0.07629711	0.07150897	11.236	11.224	0.734	0.734
150	0.07574127	0.07155664	11.248	11.223	0.734	0.734
151	0.07489365	0.07256227	11.243	11.156	0.734	0.728
152	0.07528308	0.07138976	11.234	11.221	0.734	0.735
153	0.07551059	0.07130706	11.257	11.231	0.735	0.734
154	0.07523951	0.07145425	11.247	11.223	0.735	0.735
155	0.07478125	0.07124342	11.253	11.231	0.735	0.735
156	0.07542202	0.07154241	11.239	11.211	0.735	0.734
157	0.07533841	0.07120252	11.255	11.236	0.735	0.735
158	0.07557522	0.07102289	11.252	11.237	0.735	0.735
159	0.07537316	0.07119611	11.258	11.235	0.735	0.735
160	0.07485629	0.07104803	11.261	11.238	0.736	0.735
161	0.07560347	0.07126367	11.268	11.241	0.736	0.736
162	0.07485479	0.07222046	11.274	11.171	0.736	0.729
163	0.07552237	0.07088570	11.248	11.250	0.735	0.735
164	0.07491316	0.07135527	11.271	11.237	0.736	0.736
165	0.07424588	0.07113619	11.273	11.249	0.736	0.736
166	0.07408444	0.07104179	11.280	11.246	0.737	0.737
167	0.07480620	0.07235307	11.262	11.184	0.736	0.731
168	0.07501318	0.07110102	11.253	11.248	0.736	0.736
169	0.07479111	0.07084171	11.266	11.254	0.737	0.736
170	0.07488993	0.07096927	11.286	11.253	0.737	0.737
171	0.07479976	0.07102299	11.276	11.259	0.737	0.737
172	0.07631073	0.07098539	11.285	11.242	0.737	0.737
173	0.07512100	0.07082252	11.280	11.260	0.737	0.737
174	0.07506797	0.07074439	11.273	11.262	0.737	0.737
175	0.07455277	0.07100307	11.287	11.251	0.737	0.737
176	0.07502885	0.07086894	11.288	11.258	0.738	0.738
177	0.07411313	0.07061259	11.287	11.272	0.738	0.738
178	0.07463135	0.07074636	11.290	11.274	0.738	0.738
179	0.07445972	0.07081244	11.291	11.261	0.738	0.738
180	0.07426699	0.07114769	11.298	11.257	0.738	0.736
181	0.07488711	0.07081087	11.258	11.263	0.736	0.738
182	0.07487446	0.07068961	11.283	11.262	0.737	0.738
183	0.07437044	0.07067920	11.302	11.271	0.739	0.738
184	0.07448705	0.07051215	11.311	11.280	0.739	0.739
185	0.07438983	0.07050545	11.303	11.277	0.739	0.738
186	0.07397573	0.07036827	11.306	11.280	0.739	0.739
187	0.07382552	0.07033151	11.316	11.287	0.739	0.739
188	0.07383720	0.07056988	11.307	11.279	0.739	0.739
189	0.07459164	0.07047514	11.302	11.284	0.739	0.740
190	0.07479376	0.07057851	11.295	11.281	0.739	0.739
191	0.07413010	0.07095699	11.304	11.258	0.739	0.737
192	0.07383341	0.07051134	11.312	11.286	0.739	0.739
193	0.07366911	0.07058942	11.319	11.287	0.740	0.739
194	0.07403561	0.07028321	11.315	11.294	0.740	0.739
195	0.07396471	0.07038440	11.318	11.286	0.740	0.739
196	0.07411519	0.07005833	11.326	11.301	0.740	0.740
197	0.07441937	0.07030738	11.321	11.289	0.740	0.739
198	0.07378334	0.07014915	11.322	11.295	0.740	0.740
199	0.07413427	0.07044459	11.297	11.301	0.739	0.740
200	0.07377605	0.07015817	11.309	11.295	0.740	0.739
201	0.07357138	0.07000435	11.327	11.299	0.740	0.740
202	0.07405741	0.07014479	11.323	11.305	0.741	0.741
203	0.07430196	0.07017035	11.323	11.300	0.740	0.740
204	0.07362214	0.07023492	11.331	11.302	0.741	0.740
205	0.07353442	0.07002245	11.340	11.307	0.741	0.740
206	0.07303137	0.07006188	11.335	11.304	0.741	0.740
207	0.07398422	0.07121113	11.331	11.243	0.741	0.739
208	0.07461667	0.07000891	11.308	11.307	0.739	0.740
209	0.07318581	0.07018578	11.337	11.305	0.741	0.740
210	0.07353175	0.06999205	11.337	11.316	0.741	0.741
211	0.07357675	0.07003868	11.336	11.307	0.742	0.741
212	0.07396722	0.07001114	11.335	11.312	0.741	0.742
213	0.07358790	0.06982387	11.340	11.321	0.742	0.741
214	0.07406642	0.07006413	11.333	11.312	0.741	0.741
215	0.07326529	0.07024102	11.344	11.306	0.742	0.740
216	0.07355250	0.06998220	11.333	11.315	0.741	0.742
217	0.07347474	0.07023257	11.348	11.298	0.742	0.741
218	0.07378599	0.07014969	11.333	11.297	0.741	0.741
219	0.07465961	0.06978291	11.343	11.324	0.741	0.742
220	0.07362654	0.06976705	11.337	11.322	0.741	0.741
221	0.07366127	0.06949214	11.350	11.321	0.742	0.742
222	0.07387401	0.06990819	11.340	11.318	0.742	0.742
223	0.07314020	0.06971866	11.348	11.331	0.742	0.742
224	0.07402475	0.06994935	11.357	11.322	0.743	0.742
225	0.07342034	0.07004868	11.347	11.312	0.742	0.742
226	0.07404929	0.06968813	11.353	11.330	0.742	0.742
227	0.07288625	0.06981913	11.357	11.329	0.743	0.742
228	0.07396715	0.06988429	11.357	11.326	0.743	0.742
229	0.07315738	0.06975465	11.339	11.331	0.742	0.742
230	0.07302433	0.06976636	11.349	11.328	0.742	0.741
231	0.07317671	0.06959968	11.363	11.334	0.743	0.743
232	0.07336127	0.07006621	11.359	11.309	0.743	0.742
233	0.07364305	0.06969773	11.347	11.335	0.742	0.743
234	0.07395138	0.06971905	11.362	11.332	0.743	0.742
235	0.07306641	0.06991162	11.362	11.332	0.743	0.743
236	0.07335452	0.06928454	11.366	11.347	0.743	0.743
237	0.07288718	0.06958540	11.363	11.340	0.743	0.743
238	0.07286956	0.06956315	11.366	11.334	0.743	0.743
239	0.07279930	0.06949032	11.362	11.339	0.744	0.743
240	0.07331337	0.06958517	11.365	11.340	0.744	0.743
241	0.07318011	0.06945161	11.369	11.350	0.744	0.743
242	0.07339994	0.06933755	11.366	11.346	0.744	0.743
243	0.07333423	0.06992520	11.361	11.323	0.743	0.741
244	0.07307959	0.07020734	11.350	11.300	0.743	0.742
245	0.07342467	0.06928782	11.371	11.348	0.743	0.744
246	0.07306474	0.06976401	11.376	11.334	0.744	0.744
247	0.07289784	0.06949931	11.375	11.345	0.744	0.744
248	0.07303306	0.06949766	11.374	11.346	0.744	0.744
249	0.07358298	0.06950715	11.382	11.347	0.744	0.744
250	0.07268378	0.06951619	11.379	11.346	0.744	0.743
251	0.07342342	0.06946164	11.379	11.350	0.744	0.744
252	0.07328894	0.06914383	11.382	11.363	0.744	0.744
253	0.07271921	0.06928597	11.376	11.360	0.745	0.744
254	0.07340231	0.06928349	11.380	11.361	0.744	0.744
255	0.07299479	0.06926282	11.383	11.360	0.744	0.744
256	0.07243856	0.06947220	11.381	11.347	0.745	0.744
257	0.07325778	0.06952928	11.379	11.342	0.744	0.744
258	0.07236337	0.06949918	11.382	11.347	0.745	0.745
259	0.07299298	0.06924837	11.387	11.358	0.745	0.745
260	0.07265229	0.06908865	11.384	11.363	0.745	0.744
261	0.07255639	0.06976452	11.385	11.336	0.744	0.744
262	0.07303658	0.06924509	11.386	11.357	0.745	0.744
263	0.07197622	0.06952954	11.393	11.341	0.745	0.744
264	0.07248167	0.06903652	11.385	11.369	0.745	0.745
265	0.07302346	0.06925453	11.389	11.358	0.745	0.744
266	0.07290447	0.06920359	11.387	11.368	0.745	0.745
267	0.07247914	0.06903604	11.401	11.368	0.746	0.745
268	0.07256111	0.06919794	11.383	11.363	0.745	0.744
269	0.07337995	0.06908591	11.396	11.370	0.745	0.745
270	0.07240821	0.06901471	11.395	11.369	0.745	0.744
271	0.07212386	0.06890011	11.397	11.374	0.746	0.745
272	0.07214882	0.06884256	11.401	11.379	0.746	0.745
273	0.07309331	0.06939213	11.390	11.349	0.745	0.743
274	0.07283917	0.06922353	11.391	11.367	0.746	0.745
275	0.07227500	0.06881511	11.402	11.386	0.746	0.745
276	0.07252305	0.06875911	11.400	11.380	0.746	0.745
277	0.07241931	0.06899180	11.411	11.383	0.746	0.746
278	0.07297769	0.06919858	11.403	11.365	0.746	0.745
279	0.07241958	0.06879786	11.393	11.393	0.745	0.745
280	0.07273103	0.06887797	11.406	11.379	0.746	0.745
281	0.07246654	0.06902284	11.411	11.372	0.746	0.746
282	0.07251168	0.06897684	11.390	11.385	0.745	0.745
283	0.07282595	0.06879231	11.404	11.383	0.746	0.746
284	0.07196408	0.06892190	11.413	11.380	0.746	0.745
285	0.07147963	0.06888215	11.417	11.374	0.746	0.746
286	0.07257325	0.06886026	11.408	11.387	0.746	0.746
287	0.07281888	0.06884142	11.414	11.382	0.747	0.746
288	0.07235701	0.06881393	11.409	11.388	0.746	0.746
289	0.07291984	0.06893014	11.407	11.386	0.747	0.746
290	0.07223786	0.06871205	11.413	11.390	0.746	0.746
291	0.07221047	0.06897038	11.408	11.380	0.747	0.746
292	0.07253838	0.06896036	11.408	11.372	0.746	0.746
293	0.07266185	0.06855284	11.406	11.398	0.746	0.746
294	0.07220339	0.06873157	11.426	11.396	0.747	0.746
295	0.07171535	0.06859464	11.421	11.400	0.747	0.746
296	0.07194954	0.06865673	11.423	11.395	0.747	0.747
297	0.07192116	0.06899085	11.410	11.382	0.746	0.747
298	0.07199847	0.06852108	11.416	11.400	0.747	0.746
299	0.07153835	0.06866809	11.425	11.393	0.747	0.746
300	0.07170132	0.06856644	11.436	11.398	0.747	0.747
301	0.07199768	0.06922073	11.419	11.359	0.747	0.746
302	0.07220672	0.06842795	11.426	11.407	0.747	0.747
303	0.07260080	0.06874704	11.430	11.386	0.748	0.747
304	0.07196461	0.06842104	11.429	11.403	0.747	0.746
305	0.07198653	0.06852262	11.431	11.401	0.748	0.747
306	0.07212828	0.06867369	11.426	11.398	0.748	0.747
307	0.07184473	0.06851848	11.432	11.406	0.748	0.747
308	0.07214628	0.06904001	11.434	11.377	0.748	0.744
309	0.07227480	0.06851122	11.426	11.396	0.747	0.747
310	0.07224421	0.06871247	11.436	11.389	0.748	0.747
311	0.07231744	0.06857243	11.422	11.400	0.747	0.746
312	0.07254084	0.06820713	11.435	11.416	0.748	0.748
313	0.07237813	0.06828477	11.420	11.408	0.748	0.746
314	0.07173821	0.06812326	11.427	11.417	0.748	0.747
315	0.07152576	0.06817589	11.439	11.419	0.748	0.748
316	0.07203021	0.06843984	11.442	11.413	0.748	0.748
317	0.07162582	0.06837042	11.437	11.412	0.748	0.748
318	0.07194906	0.06848582	11.430	11.412	0.748	0.748
319	0.07165733	0.06835473	11.435	11.415	0.748	0.748
320	0.07232187	0.06815565	11.432	11.417	0.748	0.748
321	0.07129775	0.06863065	11.442	11.401	0.748	0.748
322	0.07197783	0.06852828	11.443	11.404	0.749	0.746
323	0.07125764	0.06820366	11.455	11.421	0.748	0.749
324	0.07180547	0.06836546	11.441	11.420	0.749	0.749
325	0.07229558	0.06831078	11.435	11.418	0.748	0.749
326	0.07200849	0.06841600	11.434	11.416	0.748	0.749
327	0.07228561	0.06823661	11.441	11.421	0.749	0.748
328	0.07133094	0.06830304	11.447	11.419	0.749	0.749
329	0.07205946	0.06841082	11.449	11.412	0.749	0.748
330	0.07116175	0.06818945	11.459	11.426	0.749	0.749
331	0.07215414	0.06854485	11.445	11.409	0.749	0.749
332	0.07268917	0.06834446	11.446	11.419	0.748	0.748
333	0.07114527	0.06826198	11.468	11.428	0.749	0.749
334	0.07176755	0.06800988	11.453	11.426	0.749	0.749
335	0.07142384	0.06825932	11.458	11.425	0.749	0.749
336	0.07190012	0.06800928	11.452	11.434	0.750	0.749
337	0.07134490	0.06788736	11.460	11.433	0.749	0.749
338	0.07105029	0.06805467	11.460	11.431	0.750	0.749
339	0.07151912	0.06835601	11.456	11.422	0.750	0.749
340	0.07144057	0.06814015	11.466	11.427	0.750	0.748
341	0.07141834	0.06808307	11.458	11.431	0.750	0.749
342	0.07171856	0.06781769	11.461	11.440	0.750	0.749
343	0.07172802	0.06790148	11.468	11.438	0.750	0.750
344	0.07092793	0.06839431	11.456	11.409	0.749	0.746
345	0.07115028	0.06809823	11.457	11.433	0.750	0.749
346	0.07161490	0.06794425	11.473	11.434	0.750	0.749
347	0.07231419	0.06799030	11.466	11.444	0.750	0.749
348	0.07210902	0.06850211	11.466	11.405	0.750	0.746
349	0.07178971	0.06800852	11.454	11.435	0.749	0.748
350	0.07123868	0.06802830	11.464	11.431	0.750	0.750
351	0.07185261	0.06775193	11.464	11.448	0.750	0.749
352	0.07121304	0.06801554	11.471	11.438	0.750	0.749
353	0.07181882	0.06788169	11.474	11.444	0.751	0.750
354	0.07176336	0.06823667	11.468	11.416	0.750	0.747
355	0.07123444	0.06791052	11.473	11.440	0.750	0.749
356	0.07152421	0.06804210	11.467	11.433	0.750	0.748
357	0.07124924	0.06836902	11.464	11.422	0.750	0.748
358	0.07143627	0.06817131	11.470	11.436	0.750	0.750
359	0.07141417	0.06771507	11.481	11.446	0.751	0.749
360	0.07104489	0.06770491	11.480	11.453	0.751	0.750
361	0.07176327	0.06781292	11.475	11.444	0.750	0.749
362	0.07089715	0.06806360	11.476	11.429	0.751	0.750
363	0.07238441	0.06783863	11.482	11.444	0.751	0.749
364	0.07103766	0.06770178	11.479	11.447	0.751	0.749
365	0.07204219	0.06773134	11.469	11.452	0.750	0.750
366	0.07119203	0.06772485	11.477	11.456	0.751	0.750
367	0.07132058	0.06772914	11.480	11.454	0.751	0.751
368	0.07104084	0.06792453	11.477	11.450	0.751	0.751
369	0.07198568	0.06764779	11.476	11.455	0.751	0.750
370	0.07124032	0.06769114	11.482	11.452	0.751	0.750
371	0.07181389	0.06779794	11.485	11.445	0.751	0.750
372	0.07075070	0.06776173	11.481	11.450	0.751	0.751
373	0.07168771	0.06752095	11.487	11.457	0.751	0.750
374	0.07084850	0.06771416	11.484	11.458	0.751	0.750
375	0.07156564	0.06754945	11.485	11.461	0.752	0.750
376	0.07093838	0.06775539	11.500	11.457	0.751	0.750
377	0.07131585	0.06754200	11.486	11.451	0.751	0.749
378	0.07191902	0.06754468	11.488	11.460	0.751	0.751
379	0.07173727	0.06750197	11.483	11.466	0.751	0.751
380	0.07104732	0.06766525	11.489	11.450	0.751	0.750
381	0.07170134	0.06753383	11.490	11.467	0.752	0.751
382	0.07157058	0.06756645	11.481	11.457	0.751	0.751
383	0.07168136	0.06748392	11.496	11.468	0.752	0.751
384	0.07143883	0.06752723	11.497	11.467	0.752	0.751
385	0.07100527	0.06751321	11.489	11.461	0.752	0.751
386	0.07114662	0.06747160	11.492	11.461	0.752	0.751
387	0.07117235	0.06750954	11.510	11.461	0.752	0.750
388	0.07050314	0.06765944	11.495	11.466	0.752	0.752
389	0.07130438	0.06740921	11.491	11.475	0.752	0.751
390	0.07059311	0.06747249	11.489	11.470	0.751	0.751
391	0.07179206	0.06749042	11.500	11.472	0.752	0.751
392	0.07123967	0.06729383	11.510	11.474	0.752	0.752
393	0.07105847	0.06734235	11.495	11.471	0.752	0.751
394	0.07078147	0.06735225	11.500	11.475	0.753	0.752
395	0.07093987	0.06737784	11.498	11.473	0.753	0.752
396	0.07074617	0.06746943	11.491	11.469	0.752	0.751
397	0.07140356	0.06733797	11.501	11.477	0.752	0.752
398	0.07059399	0.06747394	11.508	11.475	0.753	0.752
399	0.07214680	0.06763770	11.494	11.464	0.752	0.751
400	0.07072125	0.06721230	11.496	11.479	0.752	0.752
401	0.07064860	0.06753824	11.506	11.461	0.753	0.750
402	0.07084610	0.06752323	11.504	11.464	0.752	0.750
403	0.07065817	0.06719680	11.515	11.481	0.752	0.752
404	0.07040540	0.06744016	11.511	11.474	0.753	0.752
405	0.07059275	0.06737155	11.506	11.480	0.753	0.752
406	0.07030784	0.06735227	11.507	11.477	0.753	0.752
407	0.07110631	0.06724054	11.505	11.482	0.753	0.753
408	0.07070862	0.06707426	11.506	11.481	0.753	0.753
409	0.07143312	0.06723463	11.505	11.486	0.752	0.752
410	0.07068570	0.06724094	11.504	11.480	0.753	0.753
411	0.07054844	0.06722934	11.517	11.480	0.753	0.752
412	0.07131999	0.06724060	11.519	11.488	0.753	0.752
413	0.07148033	0.06732097	11.503	11.482	0.753	0.752
414	0.07013887	0.06728882	11.514	11.478	0.753	0.752
415	0.07068767	0.06728579	11.520	11.476	0.754	0.752
416	0.07051986	0.06766602	11.503	11.456	0.753	0.752
417	0.07089978	0.06728490	11.506	11.475	0.753	0.752
418	0.07091087	0.06713295	11.516	11.492	0.753	0.753
419	0.07050101	0.06703357	11.516	11.496	0.753	0.753
420	0.07099231	0.06732694	11.519	11.480	0.754	0.752
421	0.07086898	0.06735059	11.508	11.483	0.753	0.753
422	0.07076017	0.06703085	11.516	11.490	0.754	0.753
423	0.07123468	0.06698774	11.519	11.495	0.754	0.753
424	0.07050686	0.06694894	11.522	11.492	0.753	0.753
425	0.07065930	0.06748049	11.528	11.492	0.754	0.753
426	0.07028393	0.06719128	11.523	11.486	0.753	0.752
427	0.07042210	0.06719632	11.522	11.486	0.754	0.752
428	0.07115435	0.06694494	11.512	11.496	0.754	0.753
429	0.06995655	0.06678285	11.529	11.499	0.753	0.753
430	0.06996279	0.06709325	11.528	11.501	0.754	0.754
431	0.07060260	0.06745777	11.522	11.477	0.754	0.752
432	0.07027359	0.06761250	11.513	11.470	0.753	0.752
433	0.07157813	0.06692222	11.534	11.500	0.754	0.753
434	0.07018003	0.06684341	11.529	11.507	0.754	0.753
435	0.07101458	0.06698575	11.529	11.495	0.754	0.752
436	0.07049402	0.06702632	11.521	11.496	0.753	0.753
437	0.07047541	0.06690344	11.530	11.502	0.754	0.753
438	0.07059624	0.06703142	11.528	11.498	0.754	0.754
439	0.07017727	0.06706446	11.529	11.500	0.754	0.754
440	0.07097659	0.06712017	11.534	11.492	0.754	0.753
441	0.06994210	0.06685322	11.526	11.499	0.754	0.754
442	0.07044718	0.06673169	11.520	11.509	0.754	0.754
443	0.07043683	0.06688260	11.532	11.509	0.754	0.754
444	0.07082404	0.06687305	11.520	11.506	0.754	0.754
445	0.07064469	0.06696969	11.529	11.501	0.754	0.753
446	0.07070519	0.06679670	11.526	11.501	0.754	0.754
447	0.07017065	0.06696540	11.534	11.502	0.755	0.754
448	0.07076309	0.06716018	11.532	11.491	0.754	0.752
449	0.07042256	0.06727922	11.531	11.479	0.754	0.753
450	0.07064609	0.06677060	11.534	11.507	0.755	0.754
451	0.07020250	0.06701761	11.537	11.491	0.755	0.752
452	0.07030100	0.06684528	11.516	11.509	0.753	0.754
453	0.07040062	0.06688462	11.523	11.509	0.755	0.754
454	0.07063036	0.06705536	11.544	11.509	0.755	0.754
455	0.07008048	0.06680127	11.537	11.514	0.755	0.754
456	0.06961266	0.06668739	11.543	11.515	0.755	0.754
457	0.07043482	0.06664202	11.543	11.516	0.755	0.754
458	0.07007039	0.06686927	11.537	11.515	0.754	0.754
459	0.07019101	0.06698572	11.541	11.497	0.755	0.754
460	0.06986972	0.06667287	11.547	11.514	0.755	0.754
461	0.07051648	0.06668313	11.538	11.515	0.755	0.755
462	0.07023157	0.06679533	11.537	11.513	0.755	0.754
463	0.07028982	0.06675208	11.540	11.515	0.755	0.755
464	0.06995591	0.06659074	11.545	11.518	0.755	0.755
465	0.06998438	0.06681727	11.543	11.511	0.755	0.755
466	0.07035400	0.06652300	11.545	11.518	0.755	0.755
467	0.07024424	0.06683925	11.543	11.510	0.755	0.754
468	0.07064344	0.06687411	11.551	11.510	0.755	0.754
469	0.07045922	0.06658103	11.547	11.521	0.756	0.755
470	0.07094707	0.06686477	11.549	11.518	0.755	0.755
471	0.07025534	0.06653431	11.544	11.522	0.755	0.754
472	0.07033539	0.06657712	11.547	11.519	0.755	0.755
473	0.06975024	0.06678325	11.546	11.516	0.755	0.754
474	0.07043139	0.06651571	11.552	11.527	0.756	0.755
475	0.07015221	0.06669323	11.548	11.523	0.756	0.755
476	0.06990339	0.06685708	11.553	11.522	0.756	0.755
477	0.06967999	0.06673201	11.546	11.519	0.755	0.756
478	0.07017393	0.06667613	11.554	11.521	0.756	0.755
479	0.06935722	0.06688302	11.559	11.521	0.756	0.755
480	0.07009021	0.06655093	11.560	11.526	0.756	0.756
481	0.07042859	0.06650297	11.558	11.535	0.756	0.755
482	0.06969315	0.06662692	11.562	11.518	0.756	0.756
483	0.07035103	0.06639093	11.547	11.536	0.756	0.756
484	0.07009699	0.06640323	11.561	11.534	0.756	0.755
485	0.06977594	0.06640995	11.556	11.533	0.756	0.756
486	0.07021405	0.06670444	11.567	11.526	0.756	0.755
487	0.07030077	0.06683447	11.550	11.515	0.756	0.755
488	0.07051670	0.06647603	11.556	11.525	0.756	0.756
489	0.07044352	0.06640061	11.559	11.528	0.756	0.755
490	0.07059460	0.06633942	11.555	11.535	0.756	0.755
491	0.06944043	0.06627271	11.553	11.539	0.756	0.756
492	0.06951369	0.06648676	11.565	11.532	0.756	0.756
493	0.06977086	0.06656516	11.564	11.524	0.756	0.755
494	0.07018317	0.06624628	11.559	11.544	0.756	0.756
495	0.06983366	0.06624028	11.563	11.544	0.756	0.757
496	0.06937271	0.06631116	11.575	11.541	0.757	0.756
497	0.07024370	0.06625898	11.568	11.540	0.757	0.756
498	0.06957293	0.06640132	11.571	11.544	0.757	0.756
499	0.06930545	0.06643357	11.569	11.535	0.757	0.756
500	0.06911196	0.06619754	11.566	11.546	0.757	0.757
