# Training Samples: 1296
# Validation Samples: 324
Epoch	Train Loss	Val Loss	Disc Loss	Train PSNR	Val PSNR	Train SSIM	Val SSIM
# First Epoch Time (seconds): 110.47
1	0.17297495	0.16285572	1.30787840	7.693	7.923	0.259	0.285
2	0.11078844	0.10243301	1.15154413	9.549	9.917	0.555	0.569
3	0.09557068	0.08393286	1.07465700	10.259	10.772	0.644	0.672
4	0.08565820	0.07709195	1.03271888	10.692	11.131	0.684	0.709
5	0.08050255	0.07333033	1.03122875	10.960	11.339	0.708	0.723
6	0.07869803	0.07139520	1.01582049	11.098	11.468	0.719	0.737
7	0.07683301	0.07053502	1.01145401	11.181	11.531	0.726	0.739
8	0.07563972	0.07058719	1.01100318	11.244	11.515	0.730	0.743
9	0.07475901	0.06920650	1.00890271	11.311	11.598	0.734	0.755
10	0.07459924	0.06874029	1.00873766	11.317	11.636	0.736	0.754
11	0.07454912	0.06807026	1.00848393	11.328	11.680	0.738	0.756
12	0.07314041	0.06904271	1.00802999	11.399	11.625	0.741	0.758
13	0.07277944	0.06727121	1.00786455	11.427	11.736	0.743	0.756
14	0.07270598	0.06914053	1.01997821	11.442	11.608	0.745	0.760
15	0.07371284	0.07134341	1.01080452	11.408	11.474	0.744	0.748
16	0.07391561	0.07034767	1.00787435	11.410	11.546	0.743	0.732
17	0.07236945	0.06678223	1.00737351	11.464	11.760	0.746	0.755
18	0.07234611	0.06614154	1.00913724	11.482	11.801	0.748	0.758
19	0.07208140	0.06671629	1.04362879	11.504	11.769	0.749	0.767
20	0.07197050	0.06586828	1.00991800	11.507	11.831	0.750	0.761
21	0.07097465	0.06569664	1.01653856	11.523	11.833	0.750	0.764
22	0.07065924	0.06517824	1.00985655	11.533	11.861	0.752	0.765
23	0.07073684	0.06627733	1.00778572	11.547	11.795	0.752	0.764
24	0.07050712	0.06510442	1.00746315	11.555	11.868	0.753	0.767
25	0.07057579	0.06654544	1.00711930	11.564	11.785	0.753	0.770
26	0.07026184	0.06475155	1.00734409	11.572	11.891	0.754	0.771
27	0.07002494	0.06512143	1.00699798	11.579	11.877	0.755	0.770
28	0.07041719	0.06449974	1.00688015	11.580	11.906	0.755	0.772
29	0.06993351	0.06447494	1.00672151	11.597	11.900	0.756	0.772
30	0.07053495	0.06473282	1.00687910	11.604	11.902	0.757	0.773
31	0.06968518	0.06436623	1.00674512	11.607	11.917	0.757	0.772
32	0.06942498	0.06392844	1.01557791	11.621	11.947	0.758	0.773
33	0.06975214	0.06454366	1.00678086	11.627	11.905	0.758	0.772
34	0.06967642	0.06418926	1.00673001	11.640	11.932	0.758	0.773
35	0.06999335	0.06569852	1.00664884	11.639	11.838	0.760	0.769
36	0.06957984	0.06386826	1.00660012	11.635	11.952	0.759	0.771
37	0.06917806	0.06378607	1.00664318	11.646	11.957	0.760	0.772
38	0.06887038	0.06351830	1.00657081	11.658	11.981	0.761	0.778
39	0.06870606	0.06348408	1.00657182	11.654	11.984	0.761	0.778
40	0.06944691	0.06361834	1.00661131	11.646	11.965	0.761	0.775
41	0.06920128	0.06355852	1.00655892	11.666	11.976	0.761	0.778
42	0.06832201	0.06355122	1.00661418	11.674	11.973	0.762	0.777
43	0.06897761	0.06316382	1.00654638	11.675	12.006	0.762	0.777
44	0.06824429	0.06334230	1.00696129	11.684	11.985	0.763	0.777
45	0.06875108	0.06336568	1.00698866	11.692	11.983	0.763	0.773
46	0.06869595	0.06306965	1.00653987	11.692	12.015	0.764	0.777
47	0.06828810	0.06336023	1.00672344	11.695	11.996	0.764	0.778
48	0.06813349	0.06316657	1.00656502	11.689	11.998	0.764	0.777
49	0.06863527	0.06317993	1.00654405	11.697	12.004	0.764	0.779
50	0.06854171	0.06320586	1.00654158	11.700	11.997	0.764	0.779
51	0.06868039	0.06295710	1.00651394	11.706	12.015	0.764	0.775
52	0.06804314	0.06295724	1.00651253	11.708	12.020	0.764	0.778
53	0.06815727	0.06372268	1.00657288	11.710	11.970	0.765	0.778
54	0.06839343	0.06358091	1.00652429	11.706	11.972	0.765	0.780
55	0.06825407	0.06322781	1.00649219	11.715	11.996	0.765	0.780
56	0.06828013	0.06299984	1.00652049	11.711	12.012	0.765	0.780
57	0.06845169	0.06308031	1.00651395	11.725	12.006	0.766	0.776
58	0.06778133	0.06229054	1.00648084	11.725	12.053	0.766	0.781
59	0.06757204	0.06257518	1.00649767	11.727	12.034	0.766	0.780
60	0.06836457	0.06262158	1.00647712	11.724	12.036	0.766	0.781
61	0.06793966	0.06238251	1.00649143	11.731	12.051	0.766	0.780
62	0.06793941	0.06286576	1.00651134	11.736	12.022	0.766	0.777
63	0.06889883	0.06591975	1.00688938	11.736	11.817	0.767	0.767
64	0.06777167	0.06270608	1.00652276	11.716	12.029	0.765	0.776
65	0.06839258	0.06256281	1.00651437	11.739	12.037	0.767	0.781
66	0.06797599	0.06229808	1.00653053	11.751	12.056	0.767	0.778
67	0.06777805	0.06253904	1.00646999	11.745	12.048	0.767	0.780
68	0.06740002	0.06265468	1.00650234	11.751	12.046	0.767	0.783
69	0.06736698	0.06229438	1.00659184	11.746	12.065	0.767	0.781
70	0.06870247	0.06273321	1.00648838	11.756	12.043	0.767	0.780
71	0.06719012	0.06224352	1.00647065	11.745	12.061	0.767	0.780
72	0.06806456	0.06253614	1.00645917	11.755	12.037	0.768	0.782
73	0.06775006	0.06246223	1.00646396	11.759	12.054	0.768	0.782
74	0.06761358	0.06226656	1.00645878	11.750	12.064	0.768	0.783
75	0.06774936	0.06275361	1.00649720	11.749	12.020	0.768	0.778
76	0.06782049	0.06188363	1.00646072	11.757	12.081	0.768	0.781
77	0.06806450	0.06196354	1.00645546	11.763	12.074	0.768	0.783
78	0.06802354	0.06255480	1.00647870	11.755	12.040	0.768	0.780
79	0.06762209	0.06201928	1.00645141	11.762	12.086	0.768	0.783
80	0.06742800	0.06193584	1.00644986	11.766	12.084	0.768	0.781
81	0.06775061	0.06243800	1.00646241	11.777	12.055	0.769	0.784
82	0.06680156	0.06281116	1.00647548	11.768	12.021	0.769	0.779
83	0.06662543	0.06182444	1.00646919	11.772	12.090	0.769	0.783
84	0.06763728	0.06240299	1.00645740	11.778	12.063	0.769	0.785
85	0.06778721	0.06270146	1.00645883	11.779	12.030	0.769	0.778
86	0.06725883	0.06182489	1.00644976	11.770	12.096	0.769	0.784
87	0.06770447	0.06213640	1.00643814	11.779	12.081	0.770	0.781
88	0.06726687	0.06229380	1.00644594	11.781	12.065	0.770	0.781
89	0.06722753	0.06179915	1.00644744	11.780	12.099	0.769	0.783
90	0.06727956	0.06268657	1.00643872	11.780	12.037	0.770	0.776
91	0.06785799	0.06176046	1.00644063	11.783	12.101	0.770	0.785
92	0.06795034	0.06166672	1.00644670	11.792	12.101	0.770	0.783
93	0.06826365	0.06264773	1.00646289	11.783	12.035	0.770	0.783
94	0.06688421	0.06202528	1.01062524	11.777	12.079	0.769	0.782
95	0.06763747	0.06166624	1.02758739	11.784	12.108	0.770	0.785
96	0.06760840	0.06180113	1.00704221	11.787	12.091	0.770	0.780
97	0.06747667	0.06318204	1.00674004	11.799	12.004	0.771	0.781
98	0.06677869	0.06120472	1.01552663	11.791	12.120	0.770	0.784
99	0.06699810	0.06220032	1.00674016	11.793	12.074	0.771	0.779
100	0.06655345	0.06179075	1.01557220	11.800	12.100	0.771	0.786
101	0.06662338	0.06179028	1.01492761	11.789	12.090	0.771	0.782
102	0.06703574	0.06390944	1.01997934	11.786	11.948	0.770	0.770
103	0.06642468	0.06155928	1.02232738	11.798	12.115	0.771	0.786
104	0.06720406	0.06157854	1.00975481	11.807	12.108	0.771	0.784
105	0.06750877	0.06148069	1.00760341	11.794	12.118	0.771	0.786
106	0.06784242	0.06291602	1.00690280	11.797	12.018	0.771	0.777
107	0.06661196	0.06137369	1.00899869	11.796	12.125	0.771	0.784
108	0.06722505	0.06125760	1.00698133	11.802	12.128	0.771	0.786
109	0.06674961	0.06137365	1.00719873	11.805	12.127	0.771	0.785
110	0.06620546	0.06133183	1.00664439	11.807	12.128	0.771	0.786
111	0.06753179	0.06224945	1.00654563	11.805	12.058	0.772	0.783
112	0.06626595	0.06141473	1.00649959	11.808	12.116	0.771	0.785
113	0.06676362	0.06151265	1.00647680	11.810	12.121	0.771	0.785
114	0.06685111	0.06125699	1.00646156	11.809	12.131	0.772	0.785
115	0.06776094	0.06284204	1.00842355	11.814	12.022	0.772	0.777
116	0.06742458	0.06125697	1.00789168	11.799	12.130	0.771	0.786
117	0.06687500	0.06223917	1.01693456	11.818	12.063	0.772	0.778
119	0.06557163	0.06316402	1.00646476	11.871	11.908	0.774	0.778
120	0.06564266	0.06332352	1.01548351	11.877	11.896	0.774	0.776
121	0.06573629	0.06358217	1.01549510	11.877	11.881	0.775	0.774
122	0.06615884	0.06340742	1.00643383	11.879	11.897	0.775	0.775
123	0.06632964	0.06326305	1.00644010	11.873	11.903	0.774	0.776
124	0.06570207	0.06331656	1.00643960	11.878	11.904	0.775	0.776
125	0.06513946	0.06350289	1.01547564	11.878	11.893	0.775	0.776
126	0.06527105	0.06338565	1.02452322	11.875	11.889	0.775	0.775
127	0.06632681	0.06348539	1.00643281	11.881	11.896	0.774	0.776
128	0.06570140	0.06338474	1.00642836	11.889	11.899	0.775	0.779
129	0.06553454	0.06319538	1.01547886	11.894	11.912	0.775	0.778
130	0.06540262	0.06333604	1.01547834	11.896	11.895	0.775	0.774
131	0.06547208	0.06393522	1.00643723	11.889	11.859	0.775	0.770
132	0.06525042	0.06354548	1.01548331	11.886	11.885	0.775	0.774
133	0.06668420	0.06380108	1.01040571	11.899	11.878	0.775	0.777
134	0.06503331	0.06379708	1.01238283	11.873	11.873	0.774	0.773
135	0.06541788	0.06317607	1.00663698	11.872	11.916	0.774	0.777
136	0.06587598	0.06282132	1.00657968	11.890	11.930	0.776	0.777
137	0.06517619	0.06365838	1.00723985	11.896	11.882	0.775	0.777
138	0.06605222	0.06427196	1.00774293	11.890	11.843	0.775	0.772
139	0.06530647	0.06325212	1.00655981	11.893	11.902	0.775	0.776
140	0.06644436	0.06351322	1.00648587	11.902	11.892	0.776	0.779
141	0.06535864	0.06310732	1.00644242	11.896	11.916	0.776	0.777
142	0.06548737	0.06280997	1.00646064	11.890	11.929	0.776	0.779
143	0.06559774	0.06376919	1.00644521	11.890	11.873	0.776	0.776
144	0.06536723	0.06319549	1.00642629	11.885	11.904	0.775	0.776
145	0.06476502	0.06335516	1.00644460	11.896	11.902	0.776	0.779
146	0.06584264	0.06337901	1.00642675	11.894	11.896	0.776	0.777
147	0.06586255	0.06285374	1.00642781	11.896	11.922	0.776	0.777
148	0.06530835	0.06341395	1.00644502	11.897	11.901	0.776	0.778
149	0.06503413	0.06328424	1.00644020	11.907	11.903	0.776	0.776
150	0.06534675	0.06290868	1.00643865	11.905	11.930	0.776	0.778
151	0.06608255	0.06279668	1.00643069	11.897	11.933	0.776	0.778
152	0.06583066	0.06383472	1.00643990	11.898	11.878	0.776	0.777
153	0.06530848	0.06424684	1.00659683	11.896	11.843	0.776	0.776
154	0.06558813	0.06293088	1.00643706	11.896	11.915	0.776	0.777
155	0.06496450	0.06323120	1.00691646	11.909	11.901	0.776	0.776
156	0.06542664	0.06346661	1.00643822	11.907	11.885	0.777	0.778
157	0.06494200	0.06292851	1.00647962	11.915	11.930	0.776	0.778
158	0.06511799	0.06360061	1.00644863	11.905	11.882	0.776	0.774
159	0.06552071	0.06337959	1.00644651	11.908	11.900	0.776	0.778
160	0.06475944	0.06317341	1.00642887	11.910	11.906	0.777	0.776
161	0.06532157	0.06404037	1.00643073	11.904	11.851	0.777	0.771
162	0.06506081	0.06278956	1.00642151	11.907	11.942	0.777	0.779
163	0.06561230	0.06409866	1.00642312	11.917	11.845	0.777	0.773
164	0.06520869	0.06311570	1.00642556	11.911	11.917	0.777	0.778
165	0.06583283	0.06296576	1.00642363	11.924	11.931	0.777	0.778
166	0.06570064	0.06464314	1.00642114	11.909	11.827	0.776	0.774
167	0.06491084	0.06319271	1.00642044	11.901	11.908	0.776	0.781
168	0.06528620	0.06288672	1.00642520	11.909	11.927	0.777	0.780
169	0.06535737	0.06293443	1.00641829	11.912	11.933	0.777	0.779
170	0.06520672	0.06295731	1.00641814	11.915	11.923	0.777	0.777
171	0.06523262	0.06263242	1.00642447	11.926	11.943	0.777	0.779
172	0.06513176	0.06295616	1.00642309	11.920	11.924	0.777	0.778
173	0.06542201	0.06325905	1.00641809	11.916	11.910	0.777	0.780
174	0.06528337	0.06326194	1.00641877	11.915	11.906	0.777	0.774
175	0.06518508	0.06285986	1.00642412	11.914	11.924	0.777	0.777
176	0.06515068	0.06321992	1.00642466	11.913	11.914	0.777	0.777
177	0.06469346	0.06323529	1.00643358	11.928	11.910	0.778	0.779
178	0.06465061	0.06383936	1.00642413	11.915	11.861	0.777	0.769
179	0.06532618	0.06374243	1.00642690	11.911	11.864	0.777	0.775
180	0.06561567	0.06278589	1.00641479	11.909	11.945	0.777	0.781
181	0.06530611	0.06285992	1.00642053	11.924	11.933	0.777	0.778
182	0.06534624	0.06289973	1.00641574	11.919	11.939	0.778	0.778
183	0.06572404	0.06362538	1.00645060	11.924	11.884	0.778	0.777
184	0.06477363	0.06262729	1.00664678	11.913	11.948	0.777	0.779
185	0.06532293	0.06261464	1.00661734	11.928	11.952	0.778	0.780
186	0.06526689	0.06257459	1.00642579	11.925	11.943	0.778	0.778
187	0.06466388	0.06292412	1.00642520	11.925	11.929	0.778	0.778
188	0.06481743	0.06271303	1.00642008	11.932	11.939	0.778	0.777
189	0.06465369	0.06259894	1.00642100	11.927	11.951	0.778	0.778
190	0.06474102	0.06273797	1.00643592	11.928	11.937	0.778	0.778
191	0.06446618	0.06317223	1.00641429	11.931	11.912	0.778	0.781
192	0.06463341	0.06298170	1.00642076	11.934	11.926	0.778	0.777
193	0.06452486	0.06254063	1.00641847	11.932	11.960	0.778	0.781
194	0.06508188	0.06278988	1.00641411	11.930	11.931	0.778	0.776
195	0.06512789	0.06275184	1.00641377	11.928	11.942	0.778	0.779
196	0.06555521	0.06311602	1.00641684	11.930	11.917	0.778	0.780
197	0.06490310	0.06267858	1.00641379	11.936	11.936	0.778	0.779
