# Training Samples: 1296
# Validation Samples: 324
Epoch	Train Loss	Val Loss	Train PSNR	Val PSNR	Train SSIM	Val SSIM
# First Epoch Time (seconds): 36.84
1	0.12483091	0.11246739	9.239	9.498	0.545	0.524
2	0.08315777	0.07939323	10.782	11.036	0.711	0.705
3	0.07799843	0.07411680	11.075	11.345	0.725	0.736
4	0.07591132	0.07227195	11.220	11.445	0.734	0.744
5	0.07361194	0.07074266	11.324	11.543	0.740	0.752
6	0.07271394	0.06955536	11.387	11.605	0.744	0.758
7	0.07240030	0.06964305	11.437	11.609	0.747	0.758
8	0.07133362	0.06883419	11.468	11.660	0.748	0.761
9	0.07123954	0.06872361	11.504	11.673	0.751	0.762
10	0.07060149	0.06822403	11.518	11.704	0.752	0.763
11	0.06993357	0.06787767	11.542	11.716	0.753	0.761
12	0.06956176	0.06786676	11.554	11.723	0.754	0.760
13	0.06965357	0.06742927	11.579	11.752	0.756	0.764
14	0.06962134	0.06731532	11.581	11.761	0.756	0.766
15	0.06903688	0.06715131	11.603	11.768	0.757	0.766
16	0.06990480	0.06696792	11.608	11.788	0.758	0.766
17	0.06864481	0.06708176	11.622	11.784	0.759	0.767
18	0.06868989	0.06708604	11.641	11.775	0.760	0.766
19	0.06885714	0.06708270	11.631	11.785	0.759	0.766
20	0.06831389	0.06659155	11.645	11.814	0.760	0.770
21	0.06858799	0.06677631	11.649	11.793	0.761	0.770
22	0.06951952	0.06661977	11.646	11.796	0.760	0.768
23	0.06810907	0.06671228	11.658	11.794	0.761	0.771
24	0.06893774	0.06680890	11.683	11.803	0.762	0.771
25	0.06868979	0.06783109	11.673	11.719	0.762	0.767
26	0.06756143	0.06625703	11.672	11.829	0.762	0.772
27	0.06855339	0.06612822	11.691	11.832	0.764	0.772
28	0.06800904	0.06604596	11.698	11.841	0.763	0.772
29	0.06738110	0.06609446	11.708	11.839	0.764	0.769
30	0.06762624	0.06550495	11.692	11.865	0.764	0.772
31	0.06763488	0.06589831	11.716	11.855	0.765	0.772
32	0.06716810	0.06587654	11.725	11.855	0.765	0.772
33	0.06729787	0.06665008	11.709	11.808	0.765	0.769
34	0.06772753	0.06572665	11.709	11.860	0.765	0.773
35	0.06758141	0.06579121	11.723	11.862	0.765	0.773
36	0.06751286	0.06558182	11.716	11.874	0.766	0.774
37	0.06736100	0.06565226	11.723	11.872	0.766	0.773
38	0.06711708	0.06580748	11.731	11.858	0.766	0.774
39	0.06785582	0.06569909	11.751	11.871	0.767	0.773
40	0.06726565	0.06580546	11.738	11.865	0.766	0.774
41	0.06698603	0.06551493	11.741	11.876	0.767	0.775
42	0.06680282	0.06526128	11.750	11.893	0.767	0.775
43	0.06721476	0.06550151	11.753	11.881	0.768	0.775
44	0.06712319	0.06561101	11.749	11.874	0.767	0.776
45	0.06711926	0.06521015	11.745	11.899	0.767	0.774
46	0.06651442	0.06545930	11.763	11.881	0.768	0.772
47	0.06699625	0.06525340	11.754	11.900	0.768	0.773
48	0.06677142	0.06513888	11.767	11.899	0.768	0.776
49	0.06646857	0.06517177	11.766	11.897	0.768	0.776
50	0.06751911	0.06504917	11.762	11.912	0.768	0.775
51	0.06724765	0.06514117	11.766	11.908	0.768	0.776
52	0.06728356	0.06502688	11.783	11.909	0.769	0.775
53	0.06707503	0.06506828	11.776	11.904	0.769	0.777
54	0.06673952	0.06490190	11.775	11.919	0.769	0.776
55	0.06654209	0.06474256	11.794	11.928	0.770	0.777
56	0.06637921	0.06501750	11.777	11.912	0.769	0.777
57	0.06629918	0.06481134	11.792	11.920	0.770	0.777
58	0.06664654	0.06478488	11.779	11.928	0.769	0.777
59	0.06594711	0.06487153	11.792	11.916	0.770	0.776
60	0.06605102	0.06480102	11.787	11.929	0.770	0.777
61	0.06624204	0.06463518	11.798	11.937	0.771	0.778
62	0.06668824	0.06484621	11.792	11.925	0.770	0.777
63	0.06614660	0.06476009	11.801	11.928	0.770	0.777
64	0.06576707	0.06462002	11.800	11.936	0.771	0.778
65	0.06640461	0.06489644	11.795	11.923	0.771	0.778
66	0.06640834	0.06475970	11.800	11.919	0.771	0.778
67	0.06599015	0.06464879	11.794	11.926	0.770	0.775
68	0.06561886	0.06459369	11.804	11.932	0.770	0.778
69	0.06552755	0.06484261	11.807	11.917	0.771	0.775
70	0.06610984	0.06480160	11.809	11.930	0.771	0.778
71	0.06633549	0.06440808	11.803	11.950	0.771	0.779
72	0.06595993	0.06523166	11.804	11.910	0.771	0.775
73	0.06614717	0.06454498	11.804	11.952	0.772	0.779
74	0.06645378	0.06451965	11.821	11.945	0.771	0.779
75	0.06677824	0.06449099	11.806	11.945	0.771	0.778
76	0.06526699	0.06454707	11.820	11.940	0.771	0.778
77	0.06564201	0.06468655	11.811	11.939	0.771	0.778
78	0.06593402	0.06449416	11.819	11.948	0.772	0.778
79	0.06604631	0.06453622	11.823	11.953	0.772	0.778
80	0.06558895	0.06438820	11.821	11.955	0.772	0.778
81	0.06596384	0.06439007	11.825	11.955	0.772	0.780
82	0.06644722	0.06436630	11.830	11.958	0.772	0.780
83	0.06576652	0.06442930	11.836	11.947	0.772	0.779
84	0.06544658	0.06419083	11.827	11.963	0.772	0.780
85	0.06552913	0.06419910	11.825	11.963	0.773	0.778
86	0.06540920	0.06425365	11.837	11.967	0.773	0.779
87	0.06581036	0.06432368	11.829	11.953	0.773	0.780
88	0.06556925	0.06475404	11.829	11.940	0.772	0.780
89	0.06668199	0.06410170	11.836	11.967	0.773	0.778
90	0.06529491	0.06404549	11.835	11.961	0.773	0.779
91	0.06598592	0.06411203	11.829	11.969	0.773	0.780
92	0.06550425	0.06473649	11.835	11.935	0.773	0.780
93	0.06654864	0.06402007	11.840	11.966	0.773	0.780
94	0.06650754	0.06419577	11.826	11.968	0.772	0.780
95	0.06565246	0.06402900	11.838	11.970	0.773	0.780
96	0.06538293	0.06425528	11.840	11.959	0.774	0.779
97	0.06564944	0.06397300	11.840	11.977	0.774	0.780
98	0.06496576	0.06403001	11.852	11.975	0.774	0.780
99	0.06478797	0.06438158	11.853	11.947	0.773	0.778
100	0.06596298	0.06417788	11.844	11.972	0.773	0.779
101	0.06538136	0.06432003	11.842	11.968	0.773	0.781
102	0.06541544	0.06379570	11.845	11.985	0.774	0.781
103	0.06615513	0.06428401	11.844	11.958	0.774	0.780
104	0.06593562	0.06394976	11.852	11.980	0.774	0.781
105	0.06561582	0.06443543	11.849	11.963	0.774	0.781
106	0.06531782	0.06397220	11.859	11.979	0.774	0.782
107	0.06496783	0.06409898	11.860	11.977	0.774	0.780
108	0.06554628	0.06414630	11.867	11.978	0.775	0.782
109	0.06567644	0.06414962	11.860	11.963	0.774	0.781
110	0.06485739	0.06394955	11.858	11.984	0.774	0.781
111	0.06536944	0.06394507	11.859	11.975	0.775	0.779
112	0.06661672	0.06397622	11.855	11.980	0.774	0.781
113	0.06512449	0.06407525	11.857	11.974	0.774	0.781
114	0.06519663	0.06418229	11.857	11.971	0.774	0.780
115	0.06494705	0.06402064	11.857	11.987	0.774	0.781
116	0.06460183	0.06389789	11.873	11.988	0.775	0.781
117	0.06606149	0.06372091	11.863	11.996	0.775	0.781
118	0.06535388	0.06370723	11.860	11.999	0.775	0.782
119	0.06541744	0.06387449	11.863	11.987	0.775	0.782
120	0.06516878	0.06370183	11.866	11.994	0.775	0.782
121	0.06471544	0.06373045	11.869	11.996	0.775	0.782
122	0.06535809	0.06391593	11.861	11.984	0.774	0.781
123	0.06603693	0.06376293	11.860	11.988	0.774	0.779
124	0.06466182	0.06392133	11.871	11.987	0.775	0.782
125	0.06516857	0.06373300	11.868	11.986	0.775	0.782
126	0.06548818	0.06374657	11.880	12.003	0.775	0.781
127	0.06542844	0.06350751	11.877	12.002	0.775	0.781
128	0.06516369	0.06376662	11.876	12.001	0.775	0.782
129	0.06542973	0.06356734	11.873	12.005	0.775	0.783
130	0.06508823	0.06375467	11.878	11.996	0.775	0.783
131	0.06443541	0.06375838	11.891	11.993	0.775	0.781
132	0.06520941	0.06347880	11.874	12.018	0.776	0.783
133	0.06492844	0.06387394	11.869	11.992	0.775	0.782
134	0.06493084	0.06359225	11.884	12.011	0.776	0.783
135	0.06464483	0.06365366	11.890	12.008	0.776	0.781
136	0.06484107	0.06356269	11.882	12.006	0.776	0.782
137	0.06467956	0.06346965	11.880	12.011	0.776	0.782
138	0.06488572	0.06358710	11.878	12.010	0.776	0.783
139	0.06448153	0.06392537	11.895	11.992	0.776	0.783
140	0.06527319	0.06365141	11.881	12.004	0.776	0.783
141	0.06484349	0.06383595	11.887	11.997	0.776	0.782
142	0.06480790	0.06349033	11.892	12.017	0.776	0.782
143	0.06523424	0.06354609	11.888	12.015	0.776	0.782
144	0.06494852	0.06349948	11.883	12.019	0.776	0.782
145	0.06471513	0.06372080	11.890	12.006	0.777	0.783
146	0.06564194	0.06384284	11.874	11.988	0.776	0.783
147	0.06580575	0.06354475	11.890	12.021	0.776	0.783
148	0.06507291	0.06325991	11.888	12.023	0.777	0.783
149	0.06589243	0.06387222	11.898	11.991	0.777	0.783
150	0.06492496	0.06367532	11.883	12.002	0.776	0.782
151	0.06508776	0.06346980	11.885	12.020	0.776	0.783
152	0.06493342	0.06357121	11.891	12.014	0.776	0.782
153	0.06503774	0.06347100	11.888	12.022	0.777	0.783
154	0.06559643	0.06362951	11.880	12.013	0.776	0.783
155	0.06529277	0.06352484	11.891	12.018	0.776	0.783
156	0.06414566	0.06340317	11.891	12.020	0.777	0.783
157	0.06487128	0.06368530	11.897	12.000	0.777	0.780
158	0.06522787	0.06345997	11.899	12.018	0.777	0.782
159	0.06433414	0.06341560	11.899	12.023	0.777	0.784
160	0.06503312	0.06320440	11.898	12.036	0.777	0.783
161	0.06477701	0.06321528	11.896	12.035	0.777	0.784
162	0.06438568	0.06335218	11.905	12.023	0.777	0.783
163	0.06535333	0.06356744	11.904	12.004	0.777	0.783
164	0.06447176	0.06342201	11.898	12.028	0.777	0.784
165	0.06459819	0.06335088	11.901	12.028	0.777	0.783
166	0.06456832	0.06323746	11.903	12.025	0.777	0.783
167	0.06510567	0.06324301	11.892	12.025	0.777	0.784
168	0.06432632	0.06324690	11.903	12.023	0.777	0.783
169	0.06464383	0.06331466	11.902	12.031	0.777	0.784
170	0.06467499	0.06327259	11.914	12.030	0.777	0.785
171	0.06473209	0.06321964	11.913	12.033	0.778	0.784
172	0.06479031	0.06338119	11.902	12.023	0.777	0.783
173	0.06424988	0.06343085	11.912	12.027	0.778	0.784
174	0.06454080	0.06331133	11.907	12.029	0.778	0.784
175	0.06422849	0.06309160	11.923	12.038	0.778	0.784
176	0.06466595	0.06317841	11.914	12.034	0.778	0.785
177	0.06484296	0.06329712	11.905	12.034	0.777	0.784
178	0.06465390	0.06342116	11.906	12.022	0.778	0.784
179	0.06456121	0.06343822	11.915	12.035	0.778	0.784
180	0.06489129	0.06308969	11.915	12.042	0.778	0.785
181	0.06422473	0.06347965	11.926	12.018	0.778	0.782
182	0.06533588	0.06324286	11.909	12.034	0.778	0.785
183	0.06440427	0.06310683	11.916	12.041	0.778	0.785
184	0.06476557	0.06317335	11.922	12.042	0.778	0.784
185	0.06425489	0.06290769	11.914	12.042	0.778	0.784
186	0.06476937	0.06318932	11.906	12.040	0.778	0.784
187	0.06512108	0.06323168	11.910	12.035	0.778	0.785
188	0.06397411	0.06308028	11.922	12.045	0.778	0.785
189	0.06408511	0.06338020	11.915	12.016	0.778	0.781
190	0.06473380	0.06317345	11.897	12.042	0.777	0.784
191	0.06507985	0.06286354	11.925	12.041	0.778	0.783
192	0.06404107	0.06322769	11.923	12.035	0.778	0.783
193	0.06423258	0.06323790	11.920	12.041	0.778	0.785
194	0.06389001	0.06309044	11.924	12.050	0.779	0.784
195	0.06465653	0.06322216	11.918	12.033	0.778	0.784
196	0.06407258	0.06348769	11.937	12.025	0.778	0.782
197	0.06366278	0.06312312	11.920	12.037	0.778	0.785
198	0.06421056	0.06303744	11.927	12.050	0.778	0.785
199	0.06402280	0.06323676	11.920	12.043	0.778	0.784
200	0.06416179	0.06302721	11.923	12.048	0.779	0.785
201	0.06386459	0.06318955	11.923	12.040	0.778	0.783
202	0.06487933	0.06319030	11.900	12.037	0.778	0.784
203	0.06447540	0.06315488	11.920	12.041	0.778	0.785
204	0.06401049	0.06332428	11.923	12.030	0.779	0.783
205	0.06454907	0.06307799	11.921	12.044	0.779	0.783
206	0.06456615	0.06290742	11.925	12.056	0.779	0.785
207	0.06452941	0.06294807	11.931	12.048	0.779	0.785
208	0.06408459	0.06324615	11.950	12.033	0.779	0.783
209	0.06369890	0.06317211	11.930	12.042	0.779	0.783
210	0.06386552	0.06318422	11.924	12.032	0.778	0.783
211	0.06430382	0.06283985	11.922	12.048	0.778	0.784
212	0.06407871	0.06294716	11.920	12.051	0.779	0.785
213	0.06512892	0.06297167	11.930	12.047	0.779	0.784
214	0.06340385	0.06299367	11.939	12.040	0.779	0.784
215	0.06437049	0.06278176	11.932	12.058	0.779	0.786
216	0.06401531	0.06300777	11.936	12.053	0.779	0.785
217	0.06399772	0.06275394	11.929	12.055	0.779	0.785
218	0.06402674	0.06290608	11.934	12.050	0.779	0.785
219	0.06445025	0.06286069	11.930	12.061	0.779	0.786
220	0.06380762	0.06278780	11.937	12.066	0.779	0.786
221	0.06438983	0.06285367	11.942	12.054	0.779	0.785
222	0.06405983	0.06318859	11.932	12.042	0.779	0.783
223	0.06398770	0.06296730	11.941	12.056	0.779	0.785
224	0.06426418	0.06278529	11.944	12.067	0.779	0.786
225	0.06436297	0.06289825	11.944	12.060	0.779	0.786
226	0.06412253	0.06276654	11.941	12.058	0.780	0.786
227	0.06393136	0.06283842	11.932	12.059	0.779	0.786
228	0.06449531	0.06284046	11.940	12.049	0.779	0.786
229	0.06433675	0.06263485	11.936	12.074	0.780	0.787
230	0.06365243	0.06286136	11.940	12.065	0.779	0.786
231	0.06391446	0.06285796	11.946	12.058	0.779	0.785
232	0.06460457	0.06290285	11.934	12.059	0.779	0.786
233	0.06419066	0.06270280	11.945	12.070	0.780	0.787
234	0.06381344	0.06273422	11.939	12.073	0.780	0.787
235	0.06420126	0.06279201	11.947	12.063	0.780	0.787
236	0.06436163	0.06271752	11.941	12.065	0.780	0.786
237	0.06430843	0.06261130	11.951	12.071	0.780	0.786
238	0.06388498	0.06265260	11.946	12.074	0.780	0.787
239	0.06452905	0.06300502	11.949	12.059	0.780	0.786
240	0.06392235	0.06269020	11.938	12.074	0.780	0.787
241	0.06382821	0.06283573	11.946	12.062	0.780	0.786
242	0.06372314	0.06290446	11.949	12.072	0.780	0.786
243	0.06496546	0.06271948	11.953	12.077	0.780	0.786
244	0.06404827	0.06266612	11.957	12.079	0.780	0.786
245	0.06346930	0.06277520	11.949	12.071	0.780	0.787
246	0.06417672	0.06255172	11.946	12.078	0.780	0.787
247	0.06388725	0.06243987	11.955	12.076	0.780	0.787
248	0.06382388	0.06264832	11.952	12.083	0.780	0.787
249	0.06355878	0.06247115	11.958	12.086	0.780	0.787
250	0.06387560	0.06275159	11.957	12.078	0.780	0.787
251	0.06444450	0.06254233	11.961	12.074	0.780	0.787
252	0.06403950	0.06250779	11.952	12.081	0.780	0.787
253	0.06385384	0.06258497	11.951	12.071	0.780	0.786
254	0.06411318	0.06290366	11.951	12.055	0.780	0.786
255	0.06399827	0.06263790	11.948	12.073	0.780	0.786
256	0.06364958	0.06242504	11.948	12.082	0.780	0.787
257	0.06436803	0.06261656	11.947	12.077	0.781	0.786
258	0.06342522	0.06270543	11.959	12.076	0.781	0.787
259	0.06444200	0.06258419	11.957	12.082	0.780	0.787
260	0.06351388	0.06247540	11.951	12.080	0.780	0.787
261	0.06404849	0.06258362	11.963	12.077	0.781	0.788
262	0.06381948	0.06263667	11.958	12.084	0.781	0.787
263	0.06327466	0.06276012	11.958	12.071	0.780	0.786
264	0.06315269	0.06271332	11.959	12.075	0.781	0.786
265	0.06356057	0.06258783	11.961	12.077	0.781	0.788
266	0.06406380	0.06264203	11.958	12.074	0.780	0.786
267	0.06378497	0.06255333	11.967	12.082	0.781	0.787
268	0.06472347	0.06264449	11.962	12.079	0.781	0.787
269	0.06419277	0.06255686	11.957	12.080	0.781	0.786
270	0.06444708	0.06290091	11.957	12.058	0.780	0.785
271	0.06351557	0.06270073	11.965	12.080	0.781	0.787
272	0.06337005	0.06262427	11.963	12.085	0.781	0.788
273	0.06419652	0.06265137	11.956	12.079	0.781	0.787
274	0.06340974	0.06255154	11.963	12.079	0.781	0.787
275	0.06303850	0.06250658	11.969	12.079	0.781	0.787
276	0.06337315	0.06246360	11.967	12.088	0.780	0.787
