# Training Samples: 1296
# Validation Samples: 324
Epoch	Train Loss	Val Loss	Train PSNR	Val PSNR	Train SSIM	Val SSIM
# First Epoch Time (seconds): 13.53
1	0.21212929	0.15846372	6.729	8.024	0.087	0.259
2	0.13624718	0.11376621	8.653	9.496	0.393	0.517
3	0.10706300	0.09491872	9.732	10.308	0.565	0.630
4	0.09217702	0.08557245	10.329	10.772	0.642	0.678
5	0.08563241	0.08017449	10.689	11.068	0.681	0.706
6	0.08088755	0.07665493	10.926	11.249	0.704	0.722
7	0.07841330	0.07489611	11.055	11.350	0.716	0.732
8	0.07703618	0.07379219	11.146	11.422	0.725	0.737
9	0.07615598	0.07326890	11.205	11.444	0.730	0.742
10	0.07538862	0.07227213	11.254	11.516	0.734	0.745
11	0.07454389	0.07207015	11.296	11.531	0.737	0.746
12	0.07399314	0.07249175	11.305	11.493	0.739	0.749
13	0.07425050	0.07130197	11.321	11.569	0.740	0.751
14	0.07330546	0.07075947	11.358	11.604	0.743	0.754
15	0.07295168	0.07041278	11.386	11.628	0.745	0.756
16	0.07225412	0.06992696	11.408	11.648	0.747	0.757
17	0.07219934	0.06955362	11.423	11.675	0.749	0.758
18	0.07233274	0.06938689	11.414	11.680	0.748	0.758
19	0.07188222	0.06913562	11.465	11.704	0.750	0.760
20	0.07180881	0.06879595	11.490	11.731	0.752	0.763
21	0.07143089	0.06845572	11.492	11.752	0.752	0.761
22	0.07024781	0.06796793	11.541	11.782	0.753	0.762
23	0.07001107	0.06736461	11.567	11.812	0.754	0.765
24	0.06947351	0.06703777	11.594	11.825	0.756	0.767
25	0.06928241	0.06721710	11.604	11.839	0.757	0.768
26	0.06921793	0.06696338	11.617	11.847	0.758	0.767
27	0.06863664	0.06666362	11.624	11.862	0.758	0.769
28	0.06939083	0.06616355	11.636	11.888	0.759	0.770
29	0.06806750	0.06688613	11.648	11.847	0.760	0.769
30	0.06815187	0.06635299	11.642	11.880	0.760	0.769
31	0.06875573	0.06604072	11.652	11.896	0.761	0.771
32	0.06802624	0.06604255	11.663	11.902	0.761	0.772
33	0.06823273	0.06595462	11.673	11.914	0.762	0.771
34	0.06881842	0.06601498	11.673	11.903	0.762	0.772
35	0.06829748	0.06601255	11.675	11.910	0.762	0.774
36	0.06856686	0.06566777	11.675	11.928	0.762	0.772
37	0.06802891	0.06578869	11.685	11.925	0.763	0.773
38	0.06737754	0.06562821	11.694	11.933	0.763	0.773
39	0.06775283	0.06608794	11.695	11.907	0.764	0.773
40	0.06776924	0.06543748	11.693	11.944	0.764	0.774
41	0.06762274	0.06556801	11.702	11.948	0.764	0.774
42	0.06777364	0.06568385	11.700	11.936	0.764	0.774
43	0.06736523	0.06565104	11.713	11.946	0.764	0.775
44	0.06721344	0.06555292	11.711	11.943	0.765	0.775
45	0.06755151	0.06555398	11.708	11.944	0.765	0.775
46	0.06757151	0.06559226	11.708	11.933	0.764	0.776
47	0.06706706	0.06549276	11.720	11.957	0.765	0.775
48	0.06712548	0.06521707	11.722	11.959	0.766	0.776
49	0.06702572	0.06522968	11.733	11.948	0.766	0.775
50	0.06789344	0.06510814	11.716	11.963	0.765	0.775
51	0.06724430	0.06496027	11.729	11.973	0.766	0.777
52	0.06725037	0.06509528	11.727	11.977	0.766	0.776
53	0.06715263	0.06498147	11.727	11.977	0.766	0.776
54	0.06751676	0.06499370	11.728	11.978	0.766	0.776
55	0.06724350	0.06508100	11.738	11.975	0.767	0.776
56	0.06706246	0.06497410	11.743	11.987	0.767	0.777
57	0.06805309	0.06520075	11.740	11.975	0.767	0.777
58	0.06744537	0.06500339	11.741	11.988	0.767	0.777
59	0.06714291	0.06480980	11.752	11.991	0.768	0.778
60	0.06754477	0.06480618	11.742	11.997	0.767	0.778
61	0.06683251	0.06538625	11.750	11.957	0.767	0.776
62	0.06732749	0.06480145	11.741	11.989	0.767	0.778
63	0.06702193	0.06470904	11.753	11.996	0.768	0.778
64	0.06636202	0.06503444	11.757	11.983	0.768	0.778
65	0.06636385	0.06483452	11.760	12.005	0.768	0.779
66	0.06676286	0.06465637	11.762	12.007	0.768	0.778
67	0.06667526	0.06462959	11.758	12.006	0.768	0.779
68	0.06633445	0.06452225	11.757	11.996	0.768	0.778
69	0.06688904	0.06455354	11.753	12.007	0.768	0.778
70	0.06679607	0.06453064	11.764	12.006	0.769	0.778
71	0.06707918	0.06469025	11.769	11.999	0.769	0.778
72	0.06637743	0.06496040	11.768	11.982	0.769	0.777
73	0.06696892	0.06470905	11.770	12.010	0.769	0.779
74	0.06639844	0.06478045	11.761	12.007	0.769	0.779
75	0.06663080	0.06438289	11.770	12.016	0.769	0.780
76	0.06652391	0.06428222	11.769	12.024	0.769	0.779
77	0.06666726	0.06437793	11.764	12.008	0.769	0.780
78	0.06624801	0.06438759	11.773	12.020	0.769	0.780
79	0.06693957	0.06439064	11.779	12.014	0.769	0.779
80	0.06661208	0.06443458	11.777	12.025	0.769	0.781
81	0.06636772	0.06430858	11.776	12.021	0.770	0.779
82	0.06626955	0.06441200	11.786	12.017	0.770	0.780
83	0.06592809	0.06412356	11.782	12.030	0.770	0.780
84	0.06674627	0.06454059	11.784	12.013	0.769	0.779
85	0.06669077	0.06409576	11.778	12.032	0.769	0.780
86	0.06702631	0.06447970	11.787	12.023	0.770	0.780
87	0.06643393	0.06435989	11.779	12.017	0.770	0.779
88	0.06591823	0.06417594	11.781	12.034	0.770	0.781
89	0.06650944	0.06440092	11.788	12.021	0.770	0.780
90	0.06642733	0.06425198	11.786	12.032	0.770	0.780
91	0.06619551	0.06434744	11.794	12.022	0.770	0.780
92	0.06656380	0.06426222	11.788	12.033	0.770	0.781
93	0.06651075	0.06442059	11.797	12.020	0.770	0.780
94	0.06695439	0.06406099	11.801	12.038	0.770	0.781
95	0.06611900	0.06410361	11.801	12.037	0.771	0.781
96	0.06606889	0.06396588	11.792	12.041	0.770	0.781
97	0.06619569	0.06408090	11.796	12.050	0.771	0.781
98	0.06552470	0.06403570	11.797	12.042	0.771	0.781
99	0.06591608	0.06400632	11.796	12.043	0.771	0.781
100	0.06687417	0.06378438	11.793	12.049	0.771	0.781
101	0.06647634	0.06402166	11.796	12.039	0.771	0.780
102	0.06724765	0.06604189	11.736	11.916	0.767	0.778
103	0.06744726	0.06441762	11.738	12.012	0.768	0.781
104	0.06687897	0.06436625	11.776	12.030	0.770	0.781
105	0.06611118	0.06415339	11.794	12.034	0.771	0.781
106	0.06579920	0.06406544	11.807	12.038	0.771	0.781
107	0.06685395	0.06404307	11.807	12.044	0.771	0.781
108	0.06680376	0.06394933	11.805	12.047	0.771	0.781
109	0.06603447	0.06390471	11.800	12.052	0.771	0.781
110	0.06549549	0.06416655	11.804	12.051	0.771	0.782
111	0.06597261	0.06382654	11.803	12.053	0.771	0.782
112	0.06608373	0.06394953	11.808	12.049	0.771	0.782
113	0.06621444	0.06428503	11.805	12.050	0.771	0.782
114	0.06623268	0.06386797	11.809	12.052	0.772	0.782
115	0.06621547	0.06373598	11.812	12.062	0.772	0.781
116	0.06583441	0.06363920	11.809	12.060	0.772	0.782
117	0.06572653	0.06414497	11.810	12.038	0.772	0.781
118	0.06617097	0.06423643	11.800	12.040	0.771	0.780
119	0.06560953	0.06390794	11.813	12.056	0.772	0.782
120	0.06622989	0.06383603	11.814	12.061	0.772	0.782
121	0.06617543	0.06366042	11.818	12.068	0.772	0.782
122	0.06613592	0.06386749	11.821	12.064	0.772	0.783
123	0.06582010	0.06377966	11.814	12.069	0.772	0.782
124	0.06605332	0.06371686	11.814	12.066	0.772	0.783
125	0.06622187	0.06350965	11.821	12.072	0.772	0.782
126	0.06549145	0.06401723	11.826	12.054	0.772	0.782
127	0.06573481	0.06368694	11.817	12.069	0.772	0.783
128	0.06595042	0.06417697	11.814	12.039	0.772	0.781
129	0.06583761	0.06381779	11.815	12.059	0.772	0.783
130	0.06677174	0.06380086	11.812	12.063	0.772	0.782
131	0.06604568	0.06372756	11.826	12.063	0.773	0.783
132	0.06545154	0.06373686	11.829	12.071	0.773	0.782
133	0.06627053	0.06363180	11.820	12.073	0.773	0.783
134	0.06637170	0.06365027	11.817	12.075	0.773	0.783
135	0.06543770	0.06344672	11.822	12.076	0.772	0.783
136	0.06576936	0.06379030	11.823	12.072	0.773	0.783
137	0.06553336	0.06355923	11.826	12.074	0.773	0.783
138	0.06513900	0.06369163	11.824	12.070	0.773	0.783
139	0.06638647	0.06367616	11.824	12.057	0.772	0.781
140	0.06630885	0.06369756	11.801	12.063	0.772	0.782
141	0.06593677	0.06390922	11.831	12.068	0.773	0.783
142	0.06513194	0.06370573	11.831	12.068	0.773	0.783
143	0.06563458	0.06354461	11.829	12.079	0.773	0.783
144	0.06561158	0.06347931	11.827	12.079	0.773	0.783
145	0.06535208	0.06350211	11.828	12.080	0.773	0.783
146	0.06583530	0.06364894	11.827	12.076	0.773	0.783
147	0.06620240	0.06366571	11.839	12.068	0.773	0.783
148	0.06635937	0.06346238	11.825	12.082	0.773	0.783
149	0.06637860	0.06342622	11.832	12.077	0.773	0.783
150	0.06642080	0.06334960	11.840	12.083	0.773	0.784
151	0.06676850	0.06358250	11.837	12.075	0.773	0.784
152	0.06580018	0.06353904	11.829	12.078	0.773	0.784
153	0.06575316	0.06344301	11.835	12.088	0.774	0.784
154	0.06545792	0.06335386	11.836	12.087	0.774	0.783
155	0.06533773	0.06343536	11.839	12.083	0.774	0.784
156	0.06606597	0.06328506	11.837	12.089	0.773	0.784
157	0.06644937	0.06380910	11.844	12.063	0.773	0.783
158	0.06615769	0.06356889	11.822	12.079	0.773	0.784
159	0.06573314	0.06336719	11.839	12.092	0.773	0.784
160	0.06609247	0.06340811	11.844	12.087	0.774	0.784
161	0.06535185	0.06331079	11.848	12.097	0.774	0.784
162	0.06541914	0.06347939	11.855	12.086	0.774	0.783
163	0.06555053	0.06347558	11.834	12.089	0.773	0.784
164	0.06574250	0.06337316	11.845	12.088	0.774	0.784
165	0.06600452	0.06346246	11.841	12.092	0.774	0.784
166	0.06571342	0.06319733	11.842	12.089	0.774	0.785
167	0.06566803	0.06328580	11.843	12.094	0.774	0.784
168	0.06625357	0.06340330	11.854	12.094	0.774	0.785
169	0.06622115	0.06344911	11.840	12.095	0.774	0.784
170	0.06562961	0.06339679	11.845	12.094	0.774	0.784
171	0.06586885	0.06331947	11.842	12.099	0.774	0.785
172	0.06586637	0.06332553	11.859	12.099	0.775	0.784
173	0.06573121	0.06326686	11.844	12.094	0.774	0.784
174	0.06539269	0.06355043	11.852	12.078	0.774	0.784
175	0.06599292	0.06326997	11.848	12.099	0.774	0.785
176	0.06588302	0.06322603	11.855	12.097	0.774	0.785
177	0.06534107	0.06349195	11.848	12.088	0.774	0.784
178	0.06582045	0.06324021	11.855	12.101	0.775	0.785
179	0.06602048	0.06328346	11.857	12.103	0.775	0.785
180	0.06581856	0.06308733	11.845	12.105	0.774	0.785
181	0.06519746	0.06323149	11.851	12.100	0.774	0.785
182	0.06541328	0.06317881	11.861	12.103	0.775	0.785
183	0.06524072	0.06316009	11.859	12.105	0.775	0.785
184	0.06539732	0.06314972	11.862	12.106	0.775	0.785
185	0.06501616	0.06326875	11.854	12.094	0.774	0.784
186	0.06544708	0.06340890	11.856	12.092	0.775	0.785
187	0.06557765	0.06329573	11.860	12.104	0.775	0.785
188	0.06514849	0.06318139	11.859	12.105	0.775	0.785
189	0.06531328	0.06314775	11.862	12.105	0.775	0.785
190	0.06482560	0.06367848	11.859	12.074	0.775	0.784
191	0.06537682	0.06346642	11.823	12.081	0.773	0.784
192	0.06504040	0.06347390	11.851	12.093	0.774	0.785
193	0.06532258	0.06310902	11.854	12.111	0.775	0.785
194	0.06500947	0.06313424	11.857	12.112	0.775	0.785
195	0.06498310	0.06308680	11.861	12.115	0.775	0.785
196	0.06478249	0.06311306	11.868	12.112	0.775	0.785
197	0.06515428	0.06311520	11.865	12.112	0.775	0.786
198	0.06539290	0.06298624	11.855	12.113	0.775	0.785
199	0.06473034	0.06300217	11.859	12.111	0.775	0.785
200	0.06555437	0.06314450	11.856	12.102	0.775	0.785
201	0.06553672	0.06296301	11.852	12.107	0.775	0.785
202	0.06537074	0.06318494	11.861	12.108	0.775	0.786
203	0.06480680	0.06303176	11.867	12.107	0.775	0.786
204	0.06643045	0.06316333	11.868	12.112	0.775	0.785
205	0.06524093	0.06299802	11.858	12.120	0.775	0.786
206	0.06542274	0.06300414	11.864	12.110	0.775	0.785
207	0.06502258	0.06315138	11.859	12.098	0.775	0.785
208	0.06541221	0.06316955	11.868	12.109	0.775	0.786
209	0.06461601	0.06292867	11.869	12.118	0.776	0.785
210	0.06530442	0.06308177	11.867	12.110	0.775	0.785
211	0.06524848	0.06298905	11.863	12.116	0.776	0.786
212	0.06504478	0.06314964	11.859	12.115	0.775	0.786
213	0.06571447	0.06327974	11.855	12.098	0.775	0.785
214	0.06541237	0.06305152	11.871	12.106	0.775	0.785
215	0.06535956	0.06283025	11.874	12.118	0.776	0.786
216	0.06551663	0.06293656	11.871	12.122	0.776	0.786
217	0.06482095	0.06306221	11.870	12.112	0.776	0.786
218	0.06479590	0.06287350	11.865	12.118	0.776	0.786
219	0.06550725	0.06294686	11.880	12.117	0.776	0.786
220	0.06536744	0.06300018	11.861	12.113	0.776	0.786
221	0.06457562	0.06307857	11.873	12.116	0.776	0.786
222	0.06464243	0.06299516	11.872	12.118	0.776	0.786
223	0.06538186	0.06297808	11.881	12.123	0.776	0.786
224	0.06549899	0.06304257	11.873	12.118	0.776	0.786
225	0.06436797	0.06283301	11.876	12.122	0.776	0.786
226	0.06526522	0.06319652	11.868	12.108	0.775	0.785
227	0.06551812	0.06301336	11.863	12.116	0.776	0.786
228	0.06511888	0.06297822	11.870	12.120	0.776	0.786
229	0.06462911	0.06309314	11.871	12.121	0.776	0.786
230	0.06489360	0.06283107	11.877	12.128	0.776	0.786
231	0.06535324	0.06293033	11.875	12.125	0.776	0.786
232	0.06615871	0.06287974	11.880	12.122	0.776	0.786
233	0.06502816	0.06285888	11.861	12.123	0.776	0.786
234	0.06557930	0.06291737	11.877	12.122	0.776	0.786
235	0.06525549	0.06293880	11.879	12.120	0.776	0.786
